# Energy (eV)
-5.460876050450000463e+00
-3.257760884437499893e+00
-7.927685859905892585e+00
-6.572555058916667470e+00
-2.555213289134919741e+00
-5.996118209976974534e+00
-5.493078060700000265e+00
-5.803105824086704168e+00
-6.554799733750000357e+00
-5.528378004211704777e+00
-2.625199497988984110e+00
-6.717625937724138296e+00
-6.314765880138889287e+00
-7.171229935809523504e+00
-5.894094605208916704e+00
-6.969735848894840657e+00
-6.283777414000000228e+00
-6.264156692304154284e+00
-4.950879079549999950e+00
-6.576004408047618988e+00
-6.683293551769230234e+00
-6.117874751999999638e+00
-2.329198246409723616e+00
-7.281626653452585529e+00
-7.217966675479168259e+00
-6.264760344388888846e+00
-6.504387445597222595e+00
-8.715556682284482548e+00
-5.930811819542251229e+00
-3.556015917195435971e+00
-2.636843332152777108e+00
-7.124161167589285526e+00
-8.375039175462161367e+00
-2.406261468197619102e+00
-2.419959320152776705e+00
-8.052658231717044757e+00
-6.086891002832481412e+00
-5.022098682008333093e+00
-7.958653345629573828e+00
-6.054583513082481439e+00
-5.743998695392259712e+00
-3.406313403899999592e+00
-2.893418879770833119e+00
-5.984923412167249879e+00
-6.783243286773808833e+00
-6.215099040273808662e+00
-2.220679137885265941e+00
-7.858410006563784300e+00
-8.010685742745602411e+00
-5.294189007487930532e+00
-5.964542942749999632e+00
-7.858410006563784300e+00
-3.346691794649999885e+00
-6.749827255415266514e+00
-5.808518737165814017e+00
-7.180100498518640961e+00
-2.502229836437500410e+00
-3.059448645899999875e+00
-5.255615368487931427e+00
-6.681092274669230058e+00
-6.928078873415264738e+00
-6.326712545304155277e+00
-7.448420752309523607e+00
-6.662725335794229764e+00
-8.052658231717046533e+00
-6.207796748768441120e+00
-7.927685859905892585e+00
-5.803105824086704168e+00
-6.955632282513889209e+00
-6.134699721101774195e+00
-7.858174688267856922e+00
-7.467034001559524015e+00
-2.620832207134919933e+00
-2.405261968444444065e+00
-6.897726398869046704e+00
-5.465411488832634390e+00
-6.288486817097221682e+00
-7.858410006563784300e+00
-5.661560988266666428e+00
-6.683293551769230234e+00
-5.630974994599999839e+00
-5.790524371514473856e+00
-2.723587797187500659e+00
-6.848164511482143446e+00
-7.232403811484127587e+00
-6.681092274669230058e+00
-7.621774353076785857e+00
-6.384112930250000595e+00
-6.811881233103042277e+00
-5.907810836958916845e+00
-5.808089067916666792e+00
-5.820359753125583957e+00
-6.163458350304154010e+00
-5.930811819542251229e+00
-8.052658231717046533e+00
-5.505883928061111376e+00
-2.329198246409722728e+00
-6.000536014921427963e+00
-7.932907100721680926e+00
-5.902386559313755221e+00
-2.800048220999999948e+00
-5.311733416050000045e+00
-6.924520956915264591e+00
-5.419783313824543924e+00
-7.892853636586623978e+00
-7.621774353076785857e+00
-5.764301665249999651e+00
-2.626423855884920222e+00
-6.541856645554155136e+00
-6.326712545304154389e+00
-6.054583513082481439e+00
-5.227452604416667370e+00
-5.618598860116666316e+00
-3.160964029306081891e+00
-3.030977648083333253e+00
-5.718022232341667177e+00
-6.781327381513888142e+00
-6.648114762407567824e+00
-2.640486939815341216e+00
-2.951554518833333418e+00
-5.257304842299999947e+00
-5.197407861258333206e+00
-5.701447741767259991e+00
-5.334429453589869752e+00
-6.538028178304155169e+00
-8.052658231717046533e+00
-3.009999973583332711e+00
-5.866174577992856243e+00
-7.417022608303571296e+00
-6.232180297750000264e+00
-6.944700777978174422e+00
-6.883032022415266127e+00
-5.185558366412499787e+00
-8.005807095284032116e+00
-6.900207503165264988e+00
-7.927685859905892585e+00
-7.958653345629573828e+00
-6.819006243531745781e+00
-2.630763377759920196e+00
-3.385234978306081555e+00
-6.147603589250000056e+00
-7.252430256130482533e+00
-7.588586454559525407e+00
-6.176603400381578624e+00
-2.812920992452554891e+00
-6.000536014921427963e+00
-6.754023674482143136e+00
-4.191886387292418803e+00
-2.708636263884919959e+00
-5.743998695392259712e+00
-7.840788248030402308e+00
-7.542570169317460049e+00
-6.264156692304154284e+00
-8.010685742745602411e+00
-8.160164190090910097e+00
-2.539801389259920050e+00
-2.706137047384920002e+00
-6.080593753827921333e+00
-6.538028178304154281e+00
-7.232403811484127587e+00
-2.459935505155650848e+00
-7.559784106188095265e+00
-5.854779336458916461e+00
-5.902386559313755221e+00
-7.254047636392857434e+00
-4.167014219746964621e+00
-5.126415285225000673e+00
-7.000608816714285254e+00
-2.099033552437499672e+00
-5.968062561500000029e+00
-7.958653345629573828e+00
-6.769311745669230440e+00
-5.830998565814286216e+00
-6.054583513082481439e+00
-6.054583513082481439e+00
-4.261124462974237304e+00
-6.086667706375584075e+00
-7.028847127248599058e+00
-6.648094482111110537e+00
-4.167014219746964621e+00
-5.378579392980556761e+00
-5.046252489737499403e+00
-5.697554041921765844e+00
-2.171250767898423639e+00
-6.138490730125583994e+00
-2.777689302020833306e+00
-5.273036972750000828e+00
-5.794678905838432037e+00
-7.448420752309523607e+00
-4.496526046250001407e+00
-5.013918184216666241e+00
-5.803105824086704168e+00
-2.994623796499999546e+00
-7.171229935809523504e+00
-1.724961927488318114e+00
-6.647579419369047393e+00
-7.930698050721678882e+00
-6.264156692304154284e+00
-6.922417387803571742e+00
-7.041197247392856795e+00
-8.023887377870801529e+00
-6.870039197111111662e+00
-2.996762120750000147e+00
-2.571723207384919885e+00
-7.765013022306034074e+00
-3.647793200556081583e+00
-4.742770355122022607e+00
-6.687477564559523913e+00
-7.950040364313784025e+00
-5.992107666375583896e+00
-2.625167734634919814e+00
-2.745353120687500148e+00
-7.780715104589612352e+00
-8.010685742745602411e+00
-3.221112432833333372e+00
-5.803105824086704168e+00
-5.758055585957480460e+00
-2.992341688999999860e+00
-5.894094605208916704e+00
-4.998733944850000555e+00
-7.921887666971679565e+00
-5.907810836958916845e+00
-5.793782943421764919e+00
-5.610248272045387452e+00
-5.002524510050000650e+00
-4.496526046250001407e+00
-6.264824369166666074e+00
-6.591972068915265659e+00
-5.823583926165814439e+00
-6.158052682250000132e+00
-6.047518981125583615e+00
-5.305689593332634679e+00
-5.229271273904597450e+00
-5.064885122049999744e+00
-2.405261968444443621e+00
-5.918936082874146187e+00
-6.144891468023809367e+00
-6.264156692304154284e+00
-5.419951009300000955e+00
-4.903408239550000047e+00
-2.754118015647058826e+00
-6.365379614268441344e+00
-5.866120655833332975e+00
-3.623384623806082061e+00
-6.204855408528571203e+00
-6.650813198248599178e+00
-2.673637793999999790e+00
-5.422779758300000807e+00
-2.625167734634919814e+00
-2.712586122384919474e+00
-5.808723349171765804e+00
-5.097550750883332427e+00
-5.748201116588432136e+00
-5.932764671500000198e+00
-5.791506018814286172e+00
-7.495121386688095022e+00
-7.232403811484127587e+00
-5.630974994599999839e+00
-6.264156692304154284e+00
-5.894094605208916704e+00
-5.848141237909524115e+00
-7.839058653909179775e+00
-6.138490730125583994e+00
-7.287574351659650063e+00
-3.119148858650000022e+00
-6.170856658470822431e+00
-3.379278740649999779e+00
-5.417722033700000495e+00
-5.445974971800000120e+00
-7.040259169297618413e+00
-2.571723207384919885e+00
-6.754139450136905864e+00
-7.366861109638888294e+00
-5.771542219088432901e+00
-5.433701366925000720e+00
-5.990734641458916876e+00
-6.171361868249999993e+00
-5.013918184216666241e+00
-3.506932308056081471e+00
-5.294189007487931420e+00
-6.031034857862068499e+00
-5.902386559313755221e+00
-2.817046400384919824e+00
-5.277802675640019814e+00
-5.824064355381535663e+00
-3.001271761083332823e+00
-2.405261968444443621e+00
-5.914128599832481292e+00
-8.052658231717044757e+00
-7.691925692121429847e+00
-7.358803635059524950e+00
-7.003742837561506285e+00
-1.788644976027776945e+00
-8.589430543136092666e+00
-7.570817553755951224e+00
-5.904044136774393436e+00
-2.797752351579364305e+00
-8.104630080817306848e+00
-6.604118472619046720e+00
-5.665304947875585029e+00
-5.661560988266666428e+00
-8.331669605799664424e+00
-7.410959353059524801e+00
-3.489300877416667390e+00
-8.010685742745602411e+00
-8.052658231717046533e+00
-7.171229935809523504e+00
-5.833211841958916288e+00
-8.238985820142856298e+00
-5.542807725211703840e+00
-6.249078597851772443e+00
-6.015695657896825921e+00
-5.930811819542251229e+00
-6.097039166375584074e+00
-7.802081447998342689e+00
-6.541856645554155136e+00
-7.564209704484126107e+00
-3.575035898302084014e+00
-6.024111853375583969e+00
-2.959073112583332943e+00
-5.902386559313755221e+00
-2.869219863147058902e+00
-6.121191404881535902e+00
-7.471081383304763790e+00
-6.722898550304154064e+00
-5.916773808375584309e+00
-8.010685742745602411e+00
-6.643836417606491018e+00
-6.538028178304154281e+00
-5.759373533156745495e+00
-8.052658231717046533e+00
-4.191886387292418803e+00
-3.034414067249999736e+00
-3.417746980056082240e+00
-6.535218939476189703e+00
-5.859014708415813288e+00
-5.733678323360352991e+00
-5.479209353517259018e+00
-6.136825873250000285e+00
-5.947998389397619157e+00
-2.528138695583332485e+00
-6.387084467613679095e+00
-8.010685742745602411e+00
-6.924520956915266368e+00
-6.612589857539918903e+00
-6.102122250082480548e+00
-6.170536711548203712e+00
-6.264156692304154284e+00
-6.117748556556033002e+00
-3.219033028583332623e+00
-6.264156692304154284e+00
-7.858410006563784300e+00
-5.830998565814285328e+00
-5.759086391088432677e+00
-2.813526258150000015e+00
-5.918936082874146187e+00
-5.823583926165814439e+00
-3.267739587500000376e+00
-6.170594791416665892e+00
-8.050728937171591326e+00
-8.102495522840587938e+00
-8.077579696698412803e+00
-7.938896360255013107e+00
-5.812143550124146074e+00
-6.749827255415266514e+00
-5.923120573624146346e+00
-5.820148381588433395e+00
-5.479209353517259018e+00
-2.878721669749999990e+00
-5.803105824086704168e+00
-8.169114129283384429e+00
-5.507019997749999618e+00
-7.839067692971679158e+00
-6.888597056347220970e+00
-6.341461927111111230e+00
-5.996536001314285436e+00
-5.930811819542251229e+00
-6.855010152498598686e+00
-6.174065407518441795e+00
-3.247544840833332724e+00
-8.274867701892855365e+00
-6.925528657347221895e+00
-4.571205266666667377e+00
-5.061187756125000270e+00
-3.093431102187500059e+00
-3.412206167399999934e+00
-7.003742837561506285e+00
-8.015727074721681333e+00
-6.683293551769230234e+00
-2.322958720069443483e+00
-2.829567159996030590e+00
-6.542767730304154483e+00
-6.096346109611110897e+00
-2.594500782155650942e+00
-2.707380142634919551e+00
-2.571723207384919885e+00
-2.829567159996031034e+00
-7.347750450150792645e+00
-3.452203169333333044e+00
-8.075018077134757277e+00
-7.090669219690477476e+00
-5.803105824086704168e+00
-1.892303471916667146e+00
-6.038785059630951579e+00
-6.043102682631536382e+00
-2.174008932329628774e+00
-2.571723207384919885e+00
-2.480424778813726139e+00
-5.866115951838432707e+00
-2.571723207384919441e+00
-3.600565863056082172e+00
-7.026876786464285374e+00
-8.635165228564662954e+00
-5.887588713667248896e+00
-7.758731690151786431e+00
-6.677731141804154724e+00
-5.801257610549424903e+00
-5.743998695392259712e+00
-6.054583513082481439e+00
-3.277169507149999994e+00
-2.625167734634920258e+00
-5.422779758300000807e+00
-7.958653345629573828e+00
-2.340796680166666643e+00
-3.456959303400000127e+00
-6.264156692304154284e+00
-5.975204559631536405e+00
-7.839067692971680046e+00
-3.496848238250000129e+00
-5.803105824086704168e+00
-6.928078873415264738e+00
-6.100698717969827101e+00
-5.991684589869047173e+00
-4.703445202500000200e+00
-3.492779751749999662e+00
-3.064148720187499730e+00
-2.571723207384919885e+00
-2.340796680166666643e+00
-7.389602313871428407e+00
-2.703677158384919732e+00
-6.692377478269229130e+00
-5.758055585957479572e+00
-5.853115648667249538e+00
-5.929510638415814050e+00
-3.345457206499999447e+00
-3.331245189399999695e+00
-7.417022608303571296e+00
-7.621815302625000399e+00
-6.626496343119046450e+00
-5.665304947875584141e+00
-2.538745841937500192e+00
-6.264156692304154284e+00
-2.409116228527776737e+00
-6.580177724231729641e+00
-5.136458374562931972e+00
-8.624463710989951792e+00
-7.866522743386903826e+00
-8.168955322601567204e+00
-5.839695506055556429e+00
-5.748498105892858590e+00
-5.392680697550000346e+00
-5.584762479116666789e+00
-6.114359237327922081e+00
-4.906775183916665561e+00
-4.167014219746964621e+00
-6.144891468023809367e+00
-7.756319178806035275e+00
-6.756529537464285973e+00
-3.064148720187499730e+00
-3.287378107687499718e+00
-5.661560988266666428e+00
-6.024111853375583969e+00
-5.263418495737930414e+00
-8.152556421063165359e+00
-5.630974994599999839e+00
-7.167905624750000371e+00
-7.839067692971679158e+00
-6.564070999419229224e+00
-3.506932308056081471e+00
-7.839067692971680046e+00
-8.489284439534889870e+00
-8.052658231717046533e+00
-6.931039625476190125e+00
-6.884102018665265277e+00
-5.584245636235862342e+00
-6.776588787238095435e+00
-6.054583513082481439e+00
-6.632520023081933225e+00
-2.797752351579363861e+00
-6.190568868249998857e+00
-3.227311083583332962e+00
-6.927880919382351621e+00
-2.715141207579363947e+00
-6.929317435442459150e+00
-2.340796680166666643e+00
-5.930811819542251229e+00
-3.474135474499999710e+00
-5.661560988266666428e+00
-4.562674728879553498e+00
-2.798459889333333450e+00
-4.537666138666667237e+00
-7.474029700317460723e+00
-2.324178458613983977e+00
-5.255590884071263957e+00
-5.447655275237930361e+00
-2.893534911270833287e+00
-4.902965101800001335e+00
-5.013918184216666241e+00
-6.796782979103044298e+00
-2.555552556624397287e+00
-6.086667706375584075e+00
-6.743297021130951308e+00
-5.853902591667249133e+00
-7.815962014056035301e+00
-7.874645665591009092e+00
-7.018144138880951566e+00
-6.264156692304154284e+00
-8.010685742745602411e+00
-5.670167065753370927e+00
-7.858174688267856922e+00
-6.326712545304155277e+00
-7.730566949705357516e+00
-2.571723207384919885e+00
-8.005807095284032116e+00
-6.118279502625584065e+00
-2.662049389500000363e+00
-2.571723207384919885e+00
-3.257580825399999380e+00
-5.897065478838433350e+00
-5.464637097700000723e+00
-6.349872077330555697e+00
-2.877596234634919536e+00
-5.930811819542251229e+00
-3.388050720639415037e+00
-3.720744667397058780e+00
-6.054583513082481439e+00
-5.930811819542251229e+00
-7.536315136317459640e+00
-6.263097905738094440e+00
-2.536723243500000002e+00
-7.927685859905890808e+00
-2.405261968444443621e+00
-7.040819277892856221e+00
-5.968062561500000029e+00
-7.759166523498342016e+00
-4.435186707623810065e+00
-5.966973549080422323e+00
-8.073883189109091418e+00
-6.374593813031250278e+00
-5.823583926165814439e+00
-8.052658231717044757e+00
-6.264156692304155172e+00
-3.479021063802083980e+00
-7.289980165253290068e+00
-5.902386559313755221e+00
-7.580459437526985589e+00
-5.848937586131535582e+00
-7.958653345629573828e+00
-6.171551739738093900e+00
-8.052658231717046533e+00
-4.696997262154761543e+00
-6.618516047054154861e+00
-7.839067692971679158e+00
-2.405758453402776720e+00
-5.381146131480556427e+00
-4.167014219746964621e+00
-8.589430543136092666e+00
-5.930811819542251229e+00
-3.523963821197916957e+00
-7.858410006563784300e+00
-2.583551401749999865e+00
-2.043551096741610618e+00
-5.004674433922021493e+00
-8.003432027281744965e+00
-5.296862923800000011e+00
-5.711951720016667622e+00
-5.533620859250000024e+00
-7.330166392787115015e+00
-6.232180297750000264e+00
-4.555805345333333811e+00
-3.446398849791667551e+00
-7.202317161714285376e+00
-8.183861405063165506e+00
-6.609368816169229888e+00
-8.015727074721681333e+00
-5.392680697550000346e+00
-5.894094605208917592e+00
-2.555697320500000203e+00
-2.497399391402777002e+00
-4.849584722537500170e+00
-6.326712545304155277e+00
-6.144891468023809367e+00
-2.704890035884919719e+00
-5.727244292088432331e+00
-4.860458849071263465e+00
-6.264156692304154284e+00
-5.753135601088432693e+00
-4.863750297537499989e+00
-5.959879960958916811e+00
-5.727244292088432331e+00
-5.041102316508333736e+00
-7.854260636089613001e+00
-2.409697826732008163e+00
-4.191886387292418803e+00
-5.595756442299999023e+00
-2.712895255634919955e+00
-7.445842317729168158e+00
-5.803105824086704168e+00
-5.873809984417249552e+00
-6.207796748768441120e+00
-6.226372977437500289e+00
-7.848518707763100011e+00
-7.821894866640749733e+00
