# Energy (eV)
-5.197213419999999751e+00
-1.934044092499999978e+00
-8.144105855517240755e+00
-5.136671892499999892e+00
-2.386761386666670148e+00
-5.760501881034479688e+00
-5.207091854999999825e+00
-5.844767105625000347e+00
-5.196931120000000348e+00
-5.909161811034479683e+00
-2.856289630833329873e+00
-7.180139397499999632e+00
-6.931177970000000244e+00
-6.741684779999999932e+00
-5.865047306176469633e+00
-6.399153004999999617e+00
-4.918918360000000156e+00
-6.262430371249999794e+00
-4.537873437500000051e+00
-6.372326557500000099e+00
-6.969466633333330385e+00
-6.349381082499999884e+00
-1.934044092499999978e+00
-7.350555659655170437e+00
-7.513587160624999761e+00
-5.345239337499999799e+00
-6.931177970000000244e+00
-9.091911302499999792e+00
-6.262430371249999794e+00
-3.159280611249999815e+00
-2.856289630833329873e+00
-7.167059444285709624e+00
-8.643151417586210528e+00
-2.302321717499999920e+00
-2.102638077499999980e+00
-7.317944802000000415e+00
-6.262430371249999794e+00
-4.679934366250000366e+00
-8.420989390000000796e+00
-6.262430371249999794e+00
-5.678677010294119754e+00
-2.302321717499999920e+00
-1.825944180000000028e+00
-5.865047306176469633e+00
-6.730881407500000080e+00
-6.372326557500000099e+00
-2.263728026666670168e+00
-8.117519369374999627e+00
-8.117519369374999627e+00
-4.537873437500000051e+00
-4.918918360000000156e+00
-8.117519369374999627e+00
-2.302321717499999920e+00
-6.466345612857139713e+00
-5.865047306176469633e+00
-7.513587160624999761e+00
-1.875964027500000020e+00
-2.302321717499999920e+00
-4.537873437500000051e+00
-6.969466633333330385e+00
-6.466345612857139713e+00
-6.466345612857139713e+00
-6.947110564166670166e+00
-7.603533127500000433e+00
-7.317944802000000415e+00
-6.262430371249999794e+00
-8.144105855517240755e+00
-5.844767105625000347e+00
-6.812474422500000237e+00
-6.262430371249999794e+00
-7.181339474999999695e+00
-6.947110564166670166e+00
-2.102638077499999980e+00
-2.102638077499999980e+00
-7.019703617500000270e+00
-5.176718260000000349e+00
-6.931177970000000244e+00
-8.117519369374999627e+00
-5.569207819999999920e+00
-6.969466633333330385e+00
-5.968889322499999928e+00
-6.262430371249999794e+00
-1.825944180000000028e+00
-6.372326557500000099e+00
-6.812474422500000237e+00
-6.969466633333330385e+00
-7.181339474999999695e+00
-5.220171612499999725e+00
-7.180139397499999632e+00
-6.262430371249999794e+00
-6.226715440000000434e+00
-4.766611055000000263e+00
-6.262430371249999794e+00
-6.262430371249999794e+00
-7.317944802000000415e+00
-5.224361512499999805e+00
-1.934044092499999978e+00
-6.009246152857140366e+00
-8.420989390000000796e+00
-5.854218816206899767e+00
-2.302321717499999920e+00
-4.506443292500000197e+00
-6.466345612857139713e+00
-5.968889322499999928e+00
-7.424954872499999858e+00
-7.181339474999999695e+00
-4.918918360000000156e+00
-2.386761386666670148e+00
-6.262430371249999794e+00
-6.262430371249999794e+00
-6.262430371249999794e+00
-5.172717822500000118e+00
-6.349381082499999884e+00
-2.810043724062500026e+00
-2.302321717499999920e+00
-5.084310014999999794e+00
-6.931177970000000244e+00
-7.180139397499999632e+00
-2.627357434090909827e+00
-2.245471157499999926e+00
-4.537873437500000051e+00
-4.352565602500000352e+00
-5.844767105625000347e+00
-4.840594136666670266e+00
-6.262430371249999794e+00
-7.317944802000000415e+00
-2.302321717499999920e+00
-5.870561677499999576e+00
-7.038156482499999811e+00
-6.349381082499999884e+00
-6.399153004999999617e+00
-6.466345612857139713e+00
-4.803645327499999951e+00
-7.317944802000000415e+00
-6.466345612857139713e+00
-8.144105855517240755e+00
-8.420989390000000796e+00
-6.574756137499999653e+00
-2.856289630833329873e+00
-2.627357434090909827e+00
-4.918918360000000156e+00
-7.513587160624999761e+00
-6.479342156428569588e+00
-6.347112949999999643e+00
-2.616732385000000161e+00
-5.870561677499999576e+00
-6.372326557500000099e+00
-4.548023915384609595e+00
-2.386761386666670148e+00
-5.678677010294119754e+00
-7.424954872499999858e+00
-7.496062822222220312e+00
-6.262430371249999794e+00
-8.117519369374999627e+00
-8.126932950909090181e+00
-2.386761386666670148e+00
-2.386761386666670148e+00
-6.259584458571429977e+00
-6.262430371249999794e+00
-6.399153004999999617e+00
-2.856289630833329873e+00
-7.813158277500000359e+00
-5.865047306176469633e+00
-5.760501881034479688e+00
-6.197019785000000169e+00
-4.548023915384609595e+00
-4.803645327499999951e+00
-7.073409986666669980e+00
-1.825944180000000028e+00
-4.572877069999999655e+00
-8.420989390000000796e+00
-6.969466633333330385e+00
-5.968889322499999928e+00
-6.262430371249999794e+00
-6.262430371249999794e+00
-4.548023915384609595e+00
-6.262430371249999794e+00
-6.466345612857139713e+00
-5.846384821111110242e+00
-4.548023915384609595e+00
-4.427513417500000159e+00
-4.506443292500000197e+00
-5.865047306176469633e+00
-2.263728026666670168e+00
-6.262430371249999794e+00
-1.825944180000000028e+00
-4.537873437500000051e+00
-5.865047306176469633e+00
-6.947110564166670166e+00
-4.064940066666670404e+00
-4.803645327499999951e+00
-5.844767105625000347e+00
-1.887705263333329997e+00
-6.741684779999999932e+00
-1.835043420000000092e+00
-7.019703617500000270e+00
-8.420989390000000796e+00
-6.262430371249999794e+00
-7.307429457499999614e+00
-7.019703617500000270e+00
-8.144105855517240755e+00
-5.846384821111110242e+00
-1.825944180000000028e+00
-2.386761386666670148e+00
-7.603533127500000433e+00
-2.627357434090909827e+00
-5.108009550500000273e+00
-7.019703617500000270e+00
-8.420989390000000796e+00
-5.865047306176469633e+00
-2.542384795833330102e+00
-1.825944180000000028e+00
-7.424954872499999858e+00
-8.117519369374999627e+00
-2.245471157499999926e+00
-5.844767105625000347e+00
-5.865047306176469633e+00
-1.887705263333329997e+00
-5.865047306176469633e+00
-4.506443292500000197e+00
-8.117519369374999627e+00
-6.262430371249999794e+00
-5.865047306176469633e+00
-5.274664950000000019e+00
-4.537873437500000051e+00
-4.064940066666670404e+00
-7.601479872499999679e+00
-6.466345612857139713e+00
-5.865047306176469633e+00
-6.349381082499999884e+00
-6.262430371249999794e+00
-5.176718260000000349e+00
-4.716029739999999748e+00
-4.506443292500000197e+00
-2.856289630833329873e+00
-5.865047306176469633e+00
-6.335883155000000322e+00
-6.262430371249999794e+00
-4.537873437500000051e+00
-4.537873437500000051e+00
-2.211603670000000132e+00
-6.262430371249999794e+00
-5.869084672499999655e+00
-2.627357434090909827e+00
-5.870561677499999576e+00
-6.466345612857139713e+00
-1.671003601666670058e+00
-4.537873437500000051e+00
-2.386761386666670148e+00
-2.386761386666670148e+00
-5.865047306176469633e+00
-4.537873437500000051e+00
-5.865047306176469633e+00
-4.918918360000000156e+00
-5.968889322499999928e+00
-7.878340858333330310e+00
-6.812474422500000237e+00
-5.968889322499999928e+00
-6.262430371249999794e+00
-5.865047306176469633e+00
-5.870561677499999576e+00
-8.117519369374999627e+00
-6.262430371249999794e+00
-8.446863170000000309e+00
-2.302321717499999920e+00
-6.466345612857139713e+00
-2.302321717499999920e+00
-4.941882285000000152e+00
-4.537873437500000051e+00
-6.730881407500000080e+00
-2.386761386666670148e+00
-6.772801442499999602e+00
-6.298081824999999689e+00
-5.865047306176469633e+00
-4.352565602500000352e+00
-5.865047306176469633e+00
-5.272308382500000334e+00
-4.803645327499999951e+00
-2.627357434090909827e+00
-5.108009550500000273e+00
-6.234905918965520044e+00
-5.760501881034479688e+00
-2.386761386666670148e+00
-4.994603872499999930e+00
-5.865047306176469633e+00
-2.302321717499999920e+00
-2.856289630833329873e+00
-6.262430371249999794e+00
-7.317944802000000415e+00
-7.878340858333330310e+00
-6.479342156428569588e+00
-7.167059444285709624e+00
-2.020508302500000131e+00
-9.043913352500000613e+00
-7.307429457499999614e+00
-4.766611055000000263e+00
-2.386761386666670148e+00
-7.850685604999999789e+00
-7.019703617500000270e+00
-4.840594136666670266e+00
-5.569207819999999920e+00
-8.643151417586210528e+00
-6.250971664999999788e+00
-3.555747097499999843e+00
-8.420989390000000796e+00
-7.317944802000000415e+00
-6.741684779999999932e+00
-6.262430371249999794e+00
-7.911698736666670229e+00
-5.844767105625000347e+00
-6.262430371249999794e+00
-4.918918360000000156e+00
-5.910399822499999622e+00
-5.865047306176469633e+00
-7.850685604999999789e+00
-6.466345612857139713e+00
-7.496062822222220312e+00
-2.129672647500000071e+00
-6.262430371249999794e+00
-2.302321717499999920e+00
-5.760501881034479688e+00
-2.245471157499999926e+00
-5.464398874999999656e+00
-7.813158277500000359e+00
-6.262430371249999794e+00
-5.865047306176469633e+00
-8.117519369374999627e+00
-7.180139397499999632e+00
-6.262430371249999794e+00
-4.840594136666670266e+00
-7.317944802000000415e+00
-4.548023915384609595e+00
-1.887705263333329997e+00
-2.627357434090909827e+00
-7.019703617500000270e+00
-5.865047306176469633e+00
-5.197213419999999751e+00
-5.678677010294119754e+00
-5.325584537500000160e+00
-5.826638952142859651e+00
-2.302321717499999920e+00
-6.574756137499999653e+00
-8.117519369374999627e+00
-6.399153004999999617e+00
-7.180139397499999632e+00
-6.262430371249999794e+00
-5.865047306176469633e+00
-6.262430371249999794e+00
-5.993566985172409822e+00
-2.302321717499999920e+00
-6.262430371249999794e+00
-8.117519369374999627e+00
-5.968889322499999928e+00
-5.865047306176469633e+00
-2.302321717499999920e+00
-5.865047306176469633e+00
-5.865047306176469633e+00
-2.372814490000000109e+00
-7.601479872499999679e+00
-7.317944802000000415e+00
-8.243848820000000188e+00
-7.181339474999999695e+00
-8.144105855517240755e+00
-5.865047306176469633e+00
-6.466345612857139713e+00
-5.865047306176469633e+00
-5.865047306176469633e+00
-5.678677010294119754e+00
-2.302321717499999920e+00
-5.844767105625000347e+00
-7.977049076000000127e+00
-4.870780950000000331e+00
-7.424954872499999858e+00
-6.931177970000000244e+00
-5.846384821111110242e+00
-5.870561677499999576e+00
-6.262430371249999794e+00
-6.466345612857139713e+00
-6.262430371249999794e+00
-1.825944180000000028e+00
-7.181339474999999695e+00
-6.931177970000000244e+00
-4.064940066666670404e+00
-4.916737545000000154e+00
-1.915500341875000068e+00
-2.676841449999999956e+00
-7.167059444285709624e+00
-8.420989390000000796e+00
-6.969466633333330385e+00
-2.856289630833329873e+00
-2.386761386666670148e+00
-6.466345612857139713e+00
-4.918918360000000156e+00
-2.856289630833329873e+00
-2.542384795833330102e+00
-2.386761386666670148e+00
-2.386761386666670148e+00
-7.307429457499999614e+00
-2.302321717499999920e+00
-7.946700780625000071e+00
-6.471535436666670194e+00
-5.844767105625000347e+00
-2.129672647500000071e+00
-6.335883155000000322e+00
-5.968889322499999928e+00
-2.385871621666669995e+00
-2.386761386666670148e+00
-2.211603670000000132e+00
-5.865047306176469633e+00
-2.386761386666670148e+00
-2.810043724062500026e+00
-7.167059444285709624e+00
-9.043913352500000613e+00
-5.865047306176469633e+00
-7.181339474999999695e+00
-6.262430371249999794e+00
-5.903100699655169592e+00
-5.678677010294119754e+00
-6.262430371249999794e+00
-2.676841449999999956e+00
-2.386761386666670148e+00
-4.537873437500000051e+00
-8.420989390000000796e+00
-1.875964027500000020e+00
-2.302321717499999920e+00
-6.262430371249999794e+00
-4.766611055000000263e+00
-7.887547953157890035e+00
-2.372814490000000109e+00
-5.844767105625000347e+00
-6.466345612857139713e+00
-6.111319596250000430e+00
-6.372326557500000099e+00
-4.064940066666670404e+00
-2.302321717499999920e+00
-1.825944180000000028e+00
-2.386761386666670148e+00
-1.875964027500000020e+00
-8.446863170000000309e+00
-2.386761386666670148e+00
-6.969466633333330385e+00
-5.865047306176469633e+00
-5.865047306176469633e+00
-5.865047306176469633e+00
-2.676841449999999956e+00
-2.302321717499999920e+00
-7.038156482499999811e+00
-7.513587160624999761e+00
-6.772801442499999602e+00
-4.840594136666670266e+00
-1.934044092499999978e+00
-6.262430371249999794e+00
-2.102638077499999980e+00
-7.180139397499999632e+00
-5.108009550500000273e+00
-9.043913352500000613e+00
-7.038156482499999811e+00
-8.174795524090910703e+00
-5.869084672499999655e+00
-4.840594136666670266e+00
-4.506443292500000197e+00
-6.349381082499999884e+00
-6.259584458571429977e+00
-3.806512813333330136e+00
-4.548023915384609595e+00
-6.335883155000000322e+00
-7.603533127500000433e+00
-5.910399822499999622e+00
-1.825944180000000028e+00
-1.915500341875000068e+00
-5.569207819999999920e+00
-6.262430371249999794e+00
-4.537873437500000051e+00
-9.043913352500000613e+00
-5.968889322499999928e+00
-6.197019785000000169e+00
-8.117519369374999627e+00
-7.180139397499999632e+00
-2.627357434090909827e+00
-7.887547953157890035e+00
-8.643151417586210528e+00
-7.317944802000000415e+00
-7.019703617500000270e+00
-6.466345612857139713e+00
-5.909161811034479683e+00
-6.730881407500000080e+00
-6.262430371249999794e+00
-6.466345612857139713e+00
-2.386761386666670148e+00
-6.349381082499999884e+00
-1.462754587500000092e+00
-7.180139397499999632e+00
-2.856289630833329873e+00
-6.399153004999999617e+00
-2.237603127499999900e+00
-6.262430371249999794e+00
-2.302321717499999920e+00
-5.569207819999999920e+00
-4.790777929999999962e+00
-2.302321717499999920e+00
-3.842219454999999950e+00
-7.307429457499999614e+00
-2.856289630833329873e+00
-4.537873437500000051e+00
-5.108009550500000273e+00
-1.825944180000000028e+00
-4.537873437500000051e+00
-4.803645327499999951e+00
-7.180139397499999632e+00
-2.616732385000000161e+00
-6.262430371249999794e+00
-6.466345612857139713e+00
-5.865047306176469633e+00
-8.319752112499999797e+00
-7.424954872499999858e+00
-6.466345612857139713e+00
-6.262430371249999794e+00
-8.117519369374999627e+00
-5.844767105625000347e+00
-7.181339474999999695e+00
-6.466345612857139713e+00
-7.181339474999999695e+00
-2.386761386666670148e+00
-7.317944802000000415e+00
-6.262430371249999794e+00
-2.302321717499999920e+00
-2.386761386666670148e+00
-2.676841449999999956e+00
-5.865047306176469633e+00
-5.211167005000000074e+00
-6.154591722500000195e+00
-2.386761386666670148e+00
-6.262430371249999794e+00
-2.810043724062500026e+00
-2.593550299999999975e+00
-6.262430371249999794e+00
-4.840594136666670266e+00
-7.307429457499999614e+00
-6.372326557500000099e+00
-1.875964027500000020e+00
-8.420989390000000796e+00
-2.856289630833329873e+00
-7.019703617500000270e+00
-4.918918360000000156e+00
-7.850685604999999789e+00
-3.842219454999999950e+00
-5.760501881034479688e+00
-7.317944802000000415e+00
-6.347112949999999643e+00
-5.865047306176469633e+00
-7.317944802000000415e+00
-6.262430371249999794e+00
-2.129672647500000071e+00
-7.513587160624999761e+00
-5.662555043571430247e+00
-7.496062822222220312e+00
-5.968889322499999928e+00
-8.420989390000000796e+00
-6.372326557500000099e+00
-7.317944802000000415e+00
-3.836188640000000039e+00
-6.466345612857139713e+00
-7.887547953157890035e+00
-2.413613198749999800e+00
-4.427513417500000159e+00
-4.548023915384609595e+00
-9.043913352500000613e+00
-6.262430371249999794e+00
-3.555747097499999843e+00
-8.117519369374999627e+00
-1.671003601666670058e+00
-2.263728026666670168e+00
-5.108009550500000273e+00
-7.181339474999999695e+00
-4.506443292500000197e+00
-6.235246580000000094e+00
-4.359506207499999952e+00
-7.473417590000000388e+00
-6.349381082499999884e+00
-4.064940066666670404e+00
-2.760184506249999892e+00
-7.073409986666669980e+00
-9.043913352500000613e+00
-7.603533127500000433e+00
-8.420989390000000796e+00
-4.506443292500000197e+00
-5.865047306176469633e+00
-2.237603127499999900e+00
-2.102638077499999980e+00
-4.453779605000000252e+00
-6.466345612857139713e+00
-6.335883155000000322e+00
-2.386761386666670148e+00
-5.000682332500000271e+00
-4.537873437500000051e+00
-6.262430371249999794e+00
-5.865047306176469633e+00
-4.905739092500000176e+00
-6.262430371249999794e+00
-5.000682332500000271e+00
-4.352565602500000352e+00
-7.841863258124999625e+00
-2.472660442500000055e+00
-3.993672355454549905e+00
-4.506443292500000197e+00
-2.386761386666670148e+00
-7.513587160624999761e+00
-5.844767105625000347e+00
-5.865047306176469633e+00
-6.262430371249999794e+00
-6.347112949999999643e+00
-7.227836243636359903e+00
-7.583582004210530414e+00
